000001, 91282CLY5, 0, 500
000002, 91282CMB4, 1, 500
000003, 91282CMA6, 0, 500
000004, 91282CLZ2, 1, 500
000005, 91282CLW9, 0, 500
000006, 912810UF3, 1, 500
000007, 912810UE6, 0, 500
000008, 91282CLY5, 1, 500
000009, 91282CMB4, 0, 500
000010, 91282CMA6, 1, 500
000011, 91282CLZ2, 0, 500
000012, 91282CLW9, 1, 500
000013, 912810UF3, 0, 500
000014, 912810UE6, 1, 500
000015, 91282CLY5, 0, 500
000016, 91282CMB4, 1, 500
000017, 91282CMA6, 0, 500
000018, 91282CLZ2, 1, 500
000019, 91282CLW9, 0, 500
000020, 912810UF3, 1, 500
000021, 912810UE6, 0, 500
000022, 91282CLY5, 1, 500
000023, 91282CMB4, 0, 500
000024, 91282CMA6, 1, 500
000025, 91282CLZ2, 0, 500
000026, 91282CLW9, 1, 500
000027, 912810UF3, 0, 500
000028, 912810UE6, 1, 500
000029, 91282CLY5, 0, 500
000030, 91282CMB4, 1, 500
000031, 91282CMA6, 0, 500
000032, 91282CLZ2, 1, 500
000033, 91282CLW9, 0, 500
000034, 912810UF3, 1, 500
000035, 912810UE6, 0, 500
000036, 91282CLY5, 1, 500
000037, 91282CMB4, 0, 500
000038, 91282CMA6, 1, 500
000039, 91282CLZ2, 0, 500
000040, 91282CLW9, 1, 500
000041, 912810UF3, 0, 500
000042, 912810UE6, 1, 500
000043, 91282CLY5, 0, 500
000044, 91282CMB4, 1, 500
000045, 91282CMA6, 0, 500
000046, 91282CLZ2, 1, 500
000047, 91282CLW9, 0, 500
000048, 912810UF3, 1, 500
000049, 912810UE6, 0, 500
000050, 91282CLY5, 1, 500
000051, 91282CMB4, 0, 500
000052, 91282CMA6, 1, 500
000053, 91282CLZ2, 0, 500
000054, 91282CLW9, 1, 500
000055, 912810UF3, 0, 500
000056, 912810UE6, 1, 500
000057, 91282CLY5, 0, 500
000058, 91282CMB4, 1, 500
000059, 91282CMA6, 0, 500
000060, 91282CLZ2, 1, 500
000061, 91282CLW9, 0, 500
000062, 912810UF3, 1, 500
000063, 912810UE6, 0, 500
000064, 91282CLY5, 1, 500
000065, 91282CMB4, 0, 500
000066, 91282CMA6, 1, 500
000067, 91282CLZ2, 0, 500
000068, 91282CLW9, 1, 500
000069, 912810UF3, 0, 500
000070, 912810UE6, 1, 500